fx=375.780823
cx=141.501770
fy=376.522552
cy=179.592239
k1=0.0
k2=0.0
k3=0.0
p1=0.0
p2=0.0
width=288
height=352